chr,gene_name,gstart,gend,n_windows,max_h12
17,DOC2B,142789,181650,9,0.030614821360939272
17,RPH3AL,212389,386254,58,0.00991036485292261
17,LIAT1,410325,431062,5,0.009010857214998107
17,RFLNB,439978,445939,2,0.010730968312081809
17,VPS53,508503,721717,51,0.03123027395530868
17,TLCD3A,732412,742968,3,0.014660396414594117
17,GEMIN4,744421,753999,3,0.016317384168665572
17,GLOD4,757097,782294,8,0.031009342254765815
17,MRM3,782353,792509,2,0.013603080419138998
17,NXN,799310,979776,63,0.01854248200984724
17,TIMM22,997129,1003671,2,0.006407019315742961
17,ABR,1003519,1229738,68,0.02883158692084333
17,BHLHA9,1270444,1271815,1,0.011851407650549175
17,TRARG1,1279662,1300978,9,0.017469385178639062
17,YWHAE,1344275,1400222,14,0.013019189496275724
17,CRK,1420689,1463162,11,0.02370281530109835
17,MYO1C,1464186,1492686,7,0.012845600302992045
17,INPP5K,1494577,1516742,5,0.030883095568741317
17,PITPNA,1517718,1562792,10,0.032382274965282155
17,SLC43A2,1569268,1628886,15,0.017911248579724783
17,SCARF1,1633858,1645744,2,0.009121323065269537
17,RILP,1646145,1649866,1,0.00766948617598788
17,PRPF8,1650629,1684867,7,0.01458149223582881
17,TLCD2,1702816,1710377,2,0.015165383158692085
17,WDR81,1716523,1738599,5,0.017043302613306402
17,SERPINF2,1742836,1755265,2,0.0106520641333165
17,SERPINF1,1762029,1777565,4,0.01776922105794723
17,SMYD4,1779485,1830634,13,0.0379371291503598
17,RPA1,1829702,1900082,14,0.01952089382653705
17,RTN4RL1,1934677,2025334,24,0.03222446660775154
17,DPH1,2030137,2043898,2,0.006817321045322559
17,HIC1,2054154,2063241,2,0.009563186466355258
17,SMG6,2059839,2303785,37,0.024034212851912637
17,SRR,2303383,2325260,3,0.014029162984471658
17,TSR1,2322396,2336657,1,0.009657871480873628
17,SGSM2,2337498,2381058,8,0.02225097841181669
17,MNT,2384073,2401104,3,0.013161217018053277
17,METTL16,2405562,2511891,23,0.02161974498169423
17,PAFAH1B1,2593183,2685615,18,0.021572402474435044
17,CLUH,2689386,2712663,4,0.011946092665067541
17,CCDC92B,2720801,2749652,6,0.010178639060724654
17,RAP1GAP2,2755705,3037741,71,0.02165130665320035
17,OR1D5,3062669,3063607,1,0.005018305769473551
17,OR1D2,3088484,3104422,3,0.02419202120944325
17,OR1A1,3207539,3218896,4,0.04940979674283551
17,OR3A2,3276177,3386317,31,0.04570130034086605
17,OR3A1,3291017,3298360,2,0.03568046963767201
17,OR3A3,3411370,3424070,3,0.008142911248579725
17,SPATA22,3440019,3513852,16,0.024649665446282033
17,ASPA,3472374,3503405,6,0.014502588057063498
17,TRPV3,3510502,3557812,14,0.03743214240626184
17,TRPV1,3565444,3609411,12,0.06836258048226233
17,ENSG00000262304,3585149,3636249,12,0.07065080166645626
17,SHPK,3608240,3636250,6,0.07065080166645626
17,CTNS,3636459,3663103,7,0.10090266380507514
17,TAX1BP3,3662895,3668679,1,0.045780204519631364
17,P2RX5-TAX1BP3,3663063,3696194,5,0.045780204519631364
17,P2RX5,3672199,3696240,4,0.03711652569120061
17,ITGAE,3714628,3801188,22,0.09795164751925262
17,NCBP3,3802158,3846246,9,0.04555927281908851
17,CAMKK1,3860315,3894891,9,0.010983461684130792
17,P2RX1,3896592,3916476,7,0.015102259815679838
17,ATP2A3,3923870,3964464,9,0.0129876278247696
17,ZZEF1,4004445,4143030,30,0.023260951900012622
17,CYB5D2,4143168,4187310,8,0.023402979421790177
17,ANKFY1,4163821,4263995,18,0.023055801035222825
17,UBE2G1,4269259,4366675,18,0.020325716449943187
17,SPNS3,4433940,4488208,16,0.020641333165004418
17,SPNS2,4498881,4539035,9,0.013997601312965534
17,MYBBP1A,4538897,4555386,4,0.010068173210453224
17,GGT6,4556927,4560818,1,0.00672263603080419
17,SMTNL2,4583999,4608319,5,0.00945272061608383
17,ALOX15,4630919,4642294,2,0.008300719606110339
17,PELP1,4669774,4704337,8,0.03599608635273324
17,ARRB2,4710596,4721499,2,0.020530867314732987
17,MED11,4731428,4733608,1,0.01458149223582881
17,CXCL16,4733533,4739928,1,0.010794091655094054
17,ZMYND15,4739833,4746119,1,0.018021714429996213
17,TM4SF5,4771884,4783213,2,0.01754828935740437
17,VMO1,4785285,4786433,1,0.010920338341118548
17,PSMB6,4796144,4798502,1,0.009231788915540964
17,C17orf114,4801159,4807013,1,0.009594748137861379
17,PLD2,4807152,4823434,3,0.011456886756722635
17,MINK1,4833340,4898061,11,0.01628582249715945
17,CHRNE,4897771,4934438,9,0.016538315869208432
17,RNF167,4940008,4945222,1,0.012167024365610403
17,PFN1,4945652,4949061,1,0.014613053907334932
17,ENO3,4948092,4957131,2,0.014613053907334932
17,SPAG7,4959226,4967817,2,0.019931195556116655
17,CAMTA2,4967992,4987675,3,0.021982704204014644
17,INCA1,4988130,4997610,1,0.024618103774775912
17,KIF1C,4997950,5028401,5,0.031230273955308672
17,SLC52A1,5032600,5052009,4,0.01923683878298195
17,ZFP3,5078467,5096374,3,0.014991793965408411
17,ZNF232,5105269,5123162,3,0.014029162984471655
17,USP6,5116032,5175034,9,0.02012056558515339
17,ZNF594,5179535,5191868,2,0.02161974498169423
17,SCIMP,5208920,5234860,6,0.017485166014392123
17,RABEP1,5282265,5386340,20,0.022014265875520765
17,NUP88,5359668,5420164,14,0.032271809115010736
17,RPAIN,5419641,5432877,2,0.02117788158060851
17,C1QBP,5432777,5448830,3,0.022282540083322814
17,DHX33,5440917,5468982,4,0.032066658250220925
17,DERL2,5471254,5486811,2,0.042482009847241514
17,MIS12,5486285,5490814,1,0.027600681732104528
17,NLRP1,5499415,5619424,26,0.037258553212978156
17,ENSG00000286190,5499427,5501006,1,0.022992677692210577
17,ENSG00000285471,5772926,6080792,77,0.0347809619997475
17,WSCD1,6057807,6124427,14,0.008426966292134831
17,AIPL1,6393693,6435199,13,0.00735386946092665
17,PIMREG,6444441,6451469,1,0.007953541219542988
17,PITPNM3,6451263,6556555,21,0.010920338341118545
17,KIAA0753,6578147,6640711,11,0.022582375962630973
17,ENSG00000282936,6578147,6640711,11,0.022582375962630973
17,MED31,6643311,6651634,2,0.011220174220426715
17,C17orf100,6651762,6693202,10,0.007211841939149095
17,SLC13A5,6684719,6713377,6,0.008600555485418509
17,XAF1,6755447,6775647,5,0.009010857214998107
17,FBXO39,6776215,6797101,5,0.01246686024491857
17,TEKT1,6789133,6831761,10,0.015465219038000251
17,ALOX12,6996049,7010754,3,0.017516727685898244
17,RNASEK-C17orf49,7012635,7017520,1,0.016853932584269662
17,C17orf49,7014495,7017525,1,0.016853932584269662
17,BCL6B,7023050,7030290,1,0.023450321929049358
17,SLC16A13,7036015,7040117,1,0.02502840550435551
17,SLC16A11,7041621,7044092,1,0.015623027395530866
17,CLEC10A,7074537,7080307,1,0.007448554475445019
17,ASGR2,7101322,7115700,5,0.020799141522535036
17,ASGR1,7173431,7179564,3,0.012798257795732862
17,DLG4,7187187,7219836,5,0.010194419896477716
17,ACADVL,7217125,7225266,1,0.01352417624037369
17,DVL2,7225342,7234517,1,0.01458149223582881
17,PHF23,7235029,7239722,1,0.011898750157808356
17,ENSG00000262526,7240427,7244635,1,0.011630475950006311
17,CTDNEP1,7243591,7252491,1,0.011377982577957328
17,ENSG00000262302,7246829,7262089,3,0.014628834743087994
17,ELP5,7251416,7259940,1,0.012309051887387954
17,CLDN7,7259903,7263983,1,0.014628834743087994
17,SLC2A4,7281718,7288257,1,0.012892942810251232
17,YBX2,7288263,7294639,1,0.010778310819340992
17,EIF5A,7306999,7312463,1,0.00924756975129403
17,GPS2,7311324,7315564,1,0.008237596263098093
17,ENSG00000261915,7312661,7319174,1,0.008237596263098093
17,NEURL4,7315628,7329393,2,0.007290746117914405
17,ACAP1,7336529,7351477,2,0.006059840929175608
17,TNK1,7380534,7389774,2,0.012466860244918568
17,TMEM256-PLSCR3,7389734,7404097,3,0.00809556874132054
17,TMEM256,7402975,7404097,1,0.006785759373816435
17,NLGN2,7404874,7419860,2,0.006659512687791944
17,SPEM2,7425616,7427568,1,0.005886251735891931
17,ENSG00000286007,7428861,7436278,1,0.006580608509026637
17,FGF11,7438273,7444937,1,0.006896225224087867
17,CHRNB1,7445061,7457710,3,0.010383789925514456
17,ZBTB4,7459366,7484263,4,0.041282666330008835
17,POLR2A,7484366,7514616,7,0.0401937886630476
17,TNFSF12,7548508,7557890,2,0.014660396414594115
17,TNFSF12-TNFSF13,7549099,7561601,2,0.014660396414594115
17,SENP3,7561919,7571969,2,0.01597020578209822
17,SENP3-EIF4A1,7563287,7578715,3,0.01597020578209822
17,EIF4A1,7572824,7579006,1,0.01428165635652064
17,MPDU1,7583529,7592789,1,0.019868072213104403
17,FXR2,7591230,7614897,4,0.01739048099987375
17,SHBG,7613946,7633382,3,0.020373058957202372
17,ATP1B2,7646627,7657770,3,0.008837268021714431
17,TP53,7661779,7687546,5,0.009405378108824643
17,WRAP53,7686071,7703502,4,0.010683625804822624
17,DNAH2,7717744,7833742,20,0.01707486428481252
17,KDM6B,7834217,7854796,2,0.00850587047090014
17,NAA38,7856685,7885238,4,0.013587299583385937
17,CHD3,7884796,7912760,3,0.013129655346547153
17,TRAPPC1,7930345,7932123,1,0.01971026385557379
17,CNTROB,7932101,7949920,2,0.01955245549804318
17,GUCY2D,8002615,8020342,2,0.00796932205529605
17,ALOX15B,8039034,8049134,2,0.008490089635147077
17,ALOX12B,8072636,8087716,3,0.015417876530741068
17,ALOXE3,8095900,8119047,5,0.005649539199596009
17,PER1,8140472,8156506,3,0.023071581870975882
17,ENSG00000263620,8150816,8162975,2,0.017942810251230908
17,TMEM107,8172457,8176399,2,0.011093927534402224
17,AURKB,8204733,8210600,1,0.009594748137861382
17,CTC1,8224815,8248058,5,0.013382148718596137
17,PFAS,8247618,8270491,4,0.013082312839287966
17,SLC25A35,8287763,8295400,2,0.012656230273955309
17,ARHGEF15,8310241,8322514,2,0.011141270041661405
17,ODF4,8339840,8346048,2,0.015985986617851278
17,KRBA2,8356902,8376704,4,0.018163741951773768
17,ENSG00000263809,8368638,8383187,3,0.01686971342002272
17,RPL26,8377516,8383213,1,0.011772503471783867
17,RNF222,8390702,8397827,1,0.007069814417371544
17,NDEL1,8413131,8490411,13,0.02122522408786769
17,MYH10,8474207,8631376,26,0.03331334427471279
17,CCDC42,8729935,8745219,3,0.02299267769221058
17,SPDYE4,8747524,8758559,3,0.02258237596263098
17,PIK3R6,8802722,8867677,17,0.015102259815679838
17,PIK3R5,8878911,8965712,18,0.01857404368135336
17,NTN1,9021510,9244000,51,0.01800593359424315
17,STX8,9250471,9576591,81,0.01904746875394521
17,CFAP52,9576627,9643447,15,0.010020830703194043
17,USP43,9644698,9729687,21,0.016396288347430878
17,DHRS7C,9771434,9791592,4,0.0065174851660143905
17,GSG1L2,9800608,9822079,8,0.009310693094306275
17,GLP2R,9822206,9892099,17,0.022550814291124856
17,RCVRN,9896320,9905271,3,0.012956066153263477
17,GAS7,9910606,10198606,74,0.016664562555232923
17,MYH13,10300865,10373130,14,0.01780078272945335
17,MYH8,10390322,10421950,4,0.011251735891932835
17,MYH4,10443290,10469559,4,0.017769221057947225
17,MYH1,10492307,10518542,2,0.02909986112864537
17,MYH2,10521148,10549700,4,0.03632748390354752
17,MYH3,10628526,10657309,6,0.011740941800277743
17,SCO1,10672474,10698375,6,0.0427345032192905
17,ADPRM,10697594,10711558,3,0.03804759500063123
17,TMEM220,10699015,10730023,8,0.040430501199343515
17,TMEM238L,10794908,10804099,2,0.015780835753061485
17,PIRT,10822470,10838087,3,0.01478664310061861
17,SHISA6,11241213,11564063,71,0.03549109960863527
17,DNAH9,11598470,11969748,75,0.044265244287337455
17,ZNF18,11977439,11997475,5,0.03364474182552708
17,MAP2K4,12020829,12143830,18,0.029557505365484155
17,MYOCD,12665890,12768949,20,0.011125489205908345
17,ARHGAP44,12789498,12991643,46,0.02206160838277995
17,ELAC2,12991612,13018065,6,0.020814922358288093
17,HS3ST3A1,13494032,13601929,24,0.02469700795354122
17,COX10,14069490,14231736,25,0.022535033455371792
17,CDRT15,14235673,14236862,1,0.007716828683247063
17,HS3ST3B1,14301081,14349404,11,0.009279131422800149
17,PMP22,15229773,15272292,7,0.023939527837394267
17,TEKT3,15303811,15341632,6,0.024554980431763657
17,CDRT4,15436015,15475728,9,0.01268779194546143
17,TVP23C-CDRT4,15436021,15563561,29,0.0179428102512309
17,TVP23C,15502264,15563595,14,0.0179428102512309
17,FBXW10B,15565483,15619704,14,0.009831460674157303
17,ENSG00000251537,15571491,15651653,20,0.017343138492614568
17,TRIM16,15627960,15684311,12,0.017343138492614568
17,ZNF286A-TBC1D26,15699552,15745940,12,0.005191894962757227
17,ZNF286A,15699577,15720787,5,0.004371291503598031
17,TBC1D26,15732247,15746162,3,0.005191894962757227
17,ADORA2B,15945130,15975746,7,0.020167908092412576
17,ZSWIM7,15976560,15999717,5,0.017706097714934983
17,TTC19,15999784,16045015,9,0.028768463577831083
17,NCOR1,16029065,16218185,34,0.03115136977654336
17,PIGL,16217191,16351797,28,0.021761772503471777
17,CENPV,16342534,16353656,2,0.013050751167781843
17,UBB,16380798,16382745,1,0.013145436182300215
17,TRPV2,16415571,16437003,5,0.013350587047090013
17,LRRC75A,16441577,16492193,13,0.027016790809241256
17,ZNF287,16546954,16569204,4,0.01656987754071456
17,ZNF624,16620734,16653856,6,0.026259310693094298
17,CCDC144A,16689537,16777881,16,0.018258426966292134
17,ENSG00000266302,16690261,16804453,21,0.018258426966292134
17,TNFRSF13B,16929816,16972118,9,0.0226139376341371
17,MPRIP,17042457,17217679,25,0.020451963135967678
17,ENSG00000264187,17202649,17237185,6,0.017800782729453353
17,FLCN,17212212,17237188,4,0.017800782729453353
17,COPS3,17246616,17281273,6,0.016443630854690063
17,NT5M,17303335,17347663,10,0.013145436182300217
17,MED9,17476994,17493221,3,0.03403926271935362
17,PEMT,17505563,17591708,16,0.03059904052518622
17,RAI1,17681458,17811453,20,0.01918949627572276
17,SREBF1,17810399,17837002,5,0.009105542229516475
17,TOM1L2,17843511,17972422,17,0.017990152758490086
17,DRC3,17972813,18016889,7,0.015070698144173715
17,ATPAF2,17977409,18039209,9,0.015070698144173715
17,GID4,18039408,18068405,4,0.016128014139628832
17,DRG2,18087892,18107970,3,0.02431826789546774
17,MYO15A,18108756,18179802,11,0.021319909102386063
17,ALKBH5,18183078,18209954,5,0.0268747632874637
17,LLGL1,18225635,18244875,3,0.028610655220300464
17,FLII,18244815,18258738,2,0.024444514581492237
17,MIEF2,18260597,18266552,1,0.021966923368261584
17,TOP3A,18271428,18315007,9,0.027442873374573913
17,SMCR8,18315293,18328056,2,0.022408786769347308
17,SHMT1,18327873,18363550,8,0.023481883600555486
17,EVPLL,18377778,18389647,3,0.009657871480873628
17,LGALS9C,18476737,18494945,4,0.0038663047595000623
17,TBC1D28,18634247,18644427,2,0.00596515591465724
17,FOXO3B,18667629,18682314,4,0.013697765433657368
17,FBXW10,18744026,18779349,7,0.006407019315742961
17,TVP23B,18781111,18806714,5,0.009010857214998105
17,PRPSAP2,18840085,18931287,18,0.021020073223077893
17,SLC5A10,18950345,19022595,11,0.01877919454614316
17,FAM83G,18968789,19004764,5,0.01877919454614316
17,GRAP,19020656,19047011,2,0.0059178134073980555
17,GRAPL,19127535,19162274,1,0.003456003029920464
17,EPN2,19215615,19336715,11,0.013161217018053277
17,B9D1,19334308,19378193,4,0.01857404368135336
17,MAPK7,19377721,19383544,1,0.01609645246812271
17,SLC47A1,19495385,19579034,14,0.012877161974498168
17,ALDH3A2,19648136,19685760,6,0.017390480999873753
17,SLC47A2,19678288,19718979,7,0.015796616588814545
17,ALDH3A1,19737984,19748943,2,0.016932836763034968
17,ULK2,19770829,19867936,15,0.01406072465597778
17,AKAP10,19904302,19978343,14,0.02002588057063502
17,SPECC1,20008865,20319026,53,0.030756848882716833
17,LGALS9B,20449395,20467539,3,0.004339729832091907
17,USP22,20999596,21043760,9,0.03454424946345158
17,DHRS7B,21123364,21193265,10,0.01822686529478601
17,TMEM11,21197954,21214176,3,0.02228254008332281
17,NATD1,21238870,21253410,3,0.019552455498043173
17,MAP2K3,21284672,21315232,7,0.006186087615200101
17,KCNJ12,21376357,21419870,8,0.0055548541850776395
17,KCNJ18,21692523,21704612,4,0.005381264991793965
17,WSB1,27294076,27315926,3,0.0191737154399697
17,KSR1,27456448,27626438,21,0.02837394268400454
17,ENSG00000266728,27623364,27640777,3,0.01117283171316753
17,LGALS9,27629798,27649560,4,0.01117283171316753
17,NOS2,27756766,27800529,6,0.015638808231283927
17,ENSG00000266202,27798806,27893365,12,0.019000126246686025
17,LYRM9,27878314,27894752,2,0.012182805201363464
17,NLK,28041737,28196381,18,0.025596515591465727
17,TMEM97,28319200,28328685,1,0.018716071203130916
17,IFT20,28328325,28335489,1,0.0189685645751799
17,TNFAIP1,28335602,28347009,1,0.020846484029794214
17,POLDIP2,28346633,28357527,2,0.024697007953541218
17,TMEM199,28357642,28363683,1,0.022740184320161595
17,ENSG00000273171,28364288,28368012,1,0.019331523797500316
17,SARM1,28364356,28404049,6,0.02215629339729832
17,VTN,28367284,28373091,1,0.0199943188991289
17,SLC46A1,28394642,28407197,1,0.015938644110592096
17,RSKR,28455752,28614197,24,0.03460737280646383
17,SLC13A2,28473293,28497781,3,0.02419202120944325
17,FOXN1,28506243,28538900,7,0.02035727812144931
17,PIGS,28553383,28571794,2,0.009578967302108322
17,ALDOC,28573115,28576948,1,0.007401211968185835
17,SPAG5,28577565,28599025,1,0.008048226234061357
17,ENSG00000258472,28580012,28614185,3,0.009815679838404243
17,BLTP2,28614446,28645454,3,0.011693599293018556
17,SDF2,28648346,28662189,3,0.014613053907334934
17,SUPT6H,28662198,28702679,3,0.014013382148718596
17,PROCA1,28703197,28711888,1,0.0114726675924757
17,RPL23A,28719985,28724359,1,0.012403736901906326
17,NEK8,28725897,28743455,2,0.011125489205908343
17,TRAF4,28744011,28750956,1,0.007290746117914405
17,FAM222B,28755980,28855232,15,0.01426587552076758
17,FLOT2,28879335,28897733,2,0.015922863274839036
17,PHF12,28905250,28951771,5,0.027395530867314728
17,PIPOX,28950513,29057216,16,0.02226675924756975
17,SEZ6,28954901,29006440,6,0.02226675924756975
17,MYO18A,29071122,29180398,16,0.025249337204898366
17,NUFIP2,29255839,29294148,6,0.019410427976265625
17,TAOK1,29390363,29551903,28,0.01926840045448807
17,TP53I13,29566052,29573157,1,0.008300719606110339
17,GIT1,29573475,29594054,2,0.010289104910996086
17,ANKRD13B,29589769,29614761,4,0.011425325085216513
17,SSH2,29625938,29930276,39,0.019694483019820727
17,EFCAB5,29929200,30108452,23,0.019694483019820727
17,NSRP1,30115521,30186475,11,0.012309051887387954
17,SLC6A4,30194319,30236002,8,0.01462883474308799
17,BLMH,30248203,30292056,5,0.026275091528847362
17,TMIGD1,30316333,30334059,3,0.007843075369271556
17,CPD,30378927,30469989,10,0.017579851028910493
17,GOSR1,30477362,30527592,7,0.02217207423305138
17,CRLF3,30769388,30824692,16,0.025138871354626943
17,ATAD5,30831966,30895869,13,0.020736018179522787
17,TEFM,30897336,30906238,2,0.014881328115136977
17,ADAP2,30906344,30959322,9,0.0149128897866431
17,RNF135,30970984,30999911,7,0.008237596263098092
17,NF1,31094927,31382116,46,0.024207802045196316
17,OMG,31272013,31297539,5,0.014944451458149223
17,EVI2B,31303770,31314105,2,0.015370534023481885
17,ENSG00000265118,31305213,31318831,3,0.016080671632369647
17,EVI2A,31316410,31321749,2,0.016080671632369647
17,RAB11FIP4,31391675,31538211,31,0.01849513950258806
17,COPRS,31851871,31859291,1,0.014944451458149224
17,UTP6,31860904,31901708,8,0.030141396288347437
17,SUZ12,31937007,32001038,15,0.017043302613306402
17,LRRC37B,32007383,32053504,8,0.01578083575306148
17,RHOT1,32142454,32253374,27,0.031514328998863785
17,RHBDL3,32265832,32324659,12,0.019347304633253373
17,C17orf75,32324565,32350023,3,0.013476833733114504
17,ZNF207,32350132,32381885,5,0.012040777679585911
17,PSMD11,32444379,32483319,5,0.015717712410049232
17,CDK5R1,32486993,32491253,1,0.013350587047090011
17,MYO1D,32492522,32877177,71,0.034654715313723015
17,H2BN1,32895433,32906586,1,0.017248453478096202
17,TMEM98,32927910,32945106,4,0.01584395909607373
17,SPACA3,32970376,32997877,7,0.015796616588814545
17,ASIC2,33013087,34174964,223,0.034433783613180155
17,CCL8,34319435,34321402,1,0.02144615578841055
17,CCL1,34360328,34363233,1,0.016995960106047217
17,TMEM132E,34579487,34639318,12,0.013255902032571647
17,CCT6B,34927859,34981078,6,0.010320666582502209
17,LIG3,34980512,35009743,4,0.009736775659638937
17,RFFL,35005990,35089319,12,0.01544943820224719
17,ENSG00000267618,35011349,35121493,17,0.01544943820224719
17,RAD51D,35092221,35121522,6,0.012482641080671632
17,FNDC8,35121615,35130732,2,0.00807978790556748
17,NLE1,35128730,35142304,2,0.016222699154147202
17,UNC45B,35147817,35189345,8,0.023371417750284056
17,SLC35G3,35192520,35194393,1,0.020183688928165636
17,SLFN5,35243071,35273655,7,0.01817952278752683
17,SLFN11,35350305,35373701,4,0.01852670117409418
17,SLFN12,35409465,35433475,4,0.016459411690443126
17,SLFN13,35435096,35448837,3,0.015623027395530868
17,SLFN12L,35464249,35537683,14,0.018132180280267644
17,SLFN14,35543985,35560819,3,0.013303244539830828
17,PEX12,35574795,35578863,1,0.011472667592475696
17,AP2B1,35578046,35726413,26,0.026527584900896354
17,RASL10B,35731639,35743521,1,0.009073980558010352
17,GAS2L2,35744511,35753239,2,0.0110623658628961
17,MMP28,35756249,35795707,7,0.010888776669612424
17,C17orf50,35760887,35765079,1,0.010888776669612424
17,TAF15,35809482,35864615,10,0.021682868324706478
17,HEATR9,35854946,35868891,1,0.019741825527079912
17,CCL5,35871491,35880793,1,0.019252619618735006
17,RDM1,35918066,35930773,2,0.01948933215503093
17,LYZL6,35934518,35943713,2,0.019394647140512557
17,CCL15-CCL14,35983656,36001621,3,0.01723267264234314
17,CCL15,35996440,36001553,1,0.016964398434541096
17,CCL23,36013056,36017972,1,0.012798257795732864
17,CCL18,36064272,36072032,1,0.010399570761267516
17,CCL3,36088256,36090169,1,0.005633758363842948
17,TBC1D3B,36165683,36176636,2,0.002903673778563312
17,CCL4L2,36210924,36212878,1,0.006280772629718469
17,ZNHIT3,36486629,36499310,3,0.012072339351092034
17,MYO19,36495636,36543435,9,0.017816563565206417
17,GGNBP2,36544912,36589848,8,0.023434541093296304
17,DHRS11,36591879,36600804,1,0.011346420906451203
17,MRM1,36601583,36608964,1,0.012545764423683879
17,LHX1,36936785,36944612,2,0.010462694104279763
17,AATF,36948925,37056871,18,0.020657114000757478
17,ACACA,37084992,37406836,48,0.02614884484282287
17,C17orf78,37375985,37392708,3,0.01107814669864916
17,TADA2A,37406886,37479725,14,0.03077262971846989
17,DUSP14,37489891,37513501,5,0.016427850018937002
17,SYNRG,37514807,37609472,14,0.016569877540714557
17,DDX52,37609739,37643446,6,0.01597020578209822
17,HNF1B,37686431,37745059,11,0.011330640070698145
17,MRPL45,38297023,38323217,6,0.011993435172326726
17,GPR179,38324571,38343956,3,0.008695240499936877
17,SOCS7,38351844,38405593,9,0.010557379118798133
17,ARHGAP23,38419280,38512385,20,0.02398687034465345
17,SRCIN1,38530031,38605952,12,0.027269284181290238
17,MLLT6,38705273,38729795,2,0.011314859234945084
17,CISD3,38730341,38735605,1,0.012877161974498168
17,PCGF2,38733898,38749817,3,0.012892942810251232
17,PSMB3,38752741,38764225,3,0.015244287337457394
17,PIP4K2B,38765691,38800126,5,0.0116778184572655
17,CWC25,38800441,38825355,4,0.012151243529857341
17,SPMAP1,38835086,38841438,1,0.008947733871985861
17,RPL23,38847860,38853764,1,0.00787463704077768
17,LASP1,38869859,38921770,9,0.010162858224971595
17,LASP1NB,38925614,38929381,1,0.010573159954551194
17,FBXO47,38936432,38967403,8,0.010320666582502209
17,PLXDC1,39063313,39154394,20,0.02640133821487186
17,ARL5C,39156894,39167484,3,0.017642974371922734
17,CACNB1,39173453,39197702,4,0.008789925514455246
17,RPL19,39200283,39204840,1,0.00830071960611034
17,STAC2,39210541,39225945,2,0.013161217018053275
17,FBXL20,39252663,39402523,29,0.02079914152253503
17,MED1,39404285,39451272,8,0.016711905062492108
17,CDK12,39461486,39567559,17,0.0155283423810125
17,NEUROD2,39603536,39609777,1,0.01895278373942684
17,PPP1R1B,39626740,39636626,2,0.05384421158944577
17,STARD3,39637090,39664201,4,0.045748642848125236
17,PGAP3,39671122,39696797,5,0.026448680722131048
17,ERBB2,39687914,39730426,6,0.02648024239363717
17,GRB7,39737927,39747291,2,0.01841623532382275
17,IKZF3,39757718,39864312,17,0.03676934730463324
17,ZPBP2,39868202,39877896,2,0.02504418634010857
17,GSDMB,39904595,39919854,3,0.0265907082439086
17,ORMDL3,39921041,39927601,1,0.020199469763918697
17,LRRC3C,39927732,39944999,4,0.021004292387324833
17,GSDMA,39953263,39977768,6,0.020357278121449315
17,PSMD3,39980807,39997959,3,0.04901527584900895
17,MED24,40019097,40061215,8,0.022093170054286064
17,THRA,40058290,40093867,6,0.014344779699532888
17,NR1D1,40092793,40100589,1,0.01544943820224719
17,MSL1,40121971,40136917,2,0.013981820477212473
17,CASC3,40140318,40172171,6,0.011993435172326726
17,RAPGEFL1,40177010,40195656,3,0.01172516096452468
17,WIPF2,40219304,40284136,11,0.012640449438202249
17,CDC6,40287879,40304657,2,0.012451079409165509
17,RARA,40309180,40357643,5,0.01352417624037369
17,TOP2A,40388525,40417896,4,0.020688675672263603
17,IGFBP4,40443450,40457725,2,0.0110623658628961
17,TNS4,40475828,40501623,4,0.015843959096073723
17,CCR7,40553769,40565472,2,0.013224340361065522
17,SMARCE1,40624962,40648654,3,0.020278373942684003
17,ENSG00000264058,40627356,40665141,5,0.026243529857341245
17,KRT222,40654665,40665181,1,0.02012056558515339
17,KRT24,40697991,40703752,2,0.01352417624037369
17,KRT25,40748021,40755331,1,0.01819530362327989
17,KRT26,40766238,40772201,1,0.016427850018937002
17,KRT27,40776808,40782550,1,0.01866872869587173
17,KRT28,40792196,40799959,1,0.011788284307536928
17,KRT10,40818117,40822614,1,0.006517485166014391
17,KRT20,40875889,40885242,2,0.012971846989016536
17,KRT23,40922700,40937646,4,0.0361381138745108
17,KRT39,40958417,40966948,2,0.027064133316500434
17,KRT40,40977715,40987135,3,0.039988637798257794
17,KRTAP3-1,41008521,41019324,2,0.06413331650044186
17,KRTAP2-3,41059240,41060114,1,0.025217775533392245
17,KRTAP2-4,41065116,41065879,1,0.02821613432647393
17,KRTAP4-7,41084150,41085144,1,0.011078146698649162
17,KRTAP4-8,41096981,41098142,1,0.007827294533518495
17,KRTAP4-9,41105389,41106488,1,0.01780078272945335
17,KRTAP4-6,41139433,41140544,1,0.019662921348314606
17,KRTAP4-5,41148924,41149825,1,0.015717712410049236
17,KRTAP4-2,41177446,41178221,1,0.043981189243782345
17,KRTAP9-2,41226648,41227652,1,0.010510036611538947
17,KRT33A,41346092,41350828,1,0.016680343390985987
17,KRT33B,41363498,41369813,2,0.016364726675924757
17,KRT34,41377669,41382306,1,0.015591465724024745
17,KRT37,41420547,41424585,1,0.042797626562302724
17,KRT38,41436154,41440983,1,0.04491225855321297
17,KRT32,41459513,41467386,2,0.028768463577831083
17,KRT35,41476710,41481151,1,0.02457076126751672
17,KRT36,41486136,41492546,2,0.016459411690443126
17,KRT15,41513745,41522529,1,0.01382401211968186
17,KRT9,41565836,41572059,1,0.019126372932710516
17,KRT14,41582279,41586895,1,0.013981820477212472
17,KRT16,41609778,41615899,1,0.01172516096452468
17,KRT17,41619442,41624842,1,0.013808231283928798
17,HAP1,41717742,41734644,5,0.01980494887009216
17,JUP,41754604,41786931,8,0.008632117156924631
17,P3H4,41801947,41812604,2,0.008900391364726676
17,FKBP10,41812680,41823213,1,0.010225981567983843
17,NT5C3B,41825057,41836260,2,0.012214366872869586
17,KLHL10,41835685,41848384,3,0.01268779194546143
17,KLHL11,41848518,41865423,2,0.01407650549173084
17,ACLY,41866917,41930542,10,0.023150486049741195
17,ODAD4,41930617,41966503,5,0.012009216008079788
17,CNP,41966763,41977740,1,0.011946092665067541
17,DNAJC7,41976421,42021376,5,0.011299078399192022
17,NKIRAS2,42011382,42025644,1,0.011299078399192022
17,ZNF385C,42025576,42098479,11,0.016506754197702308
17,C17orf113,42038232,42050601,2,0.016506754197702308
17,DHX58,42101404,42112714,2,0.008158692084332788
17,KAT2A,42113111,42121367,1,0.011456886756722635
17,ENSG00000267261,42119674,42154916,6,0.012814038631485924
17,RAB5C,42124978,42155044,5,0.012814038631485924
17,KCNH4,42156891,42181142,3,0.010494255775785884
17,GHDC,42188799,42194513,1,0.009373816437318522
17,STAT5B,42199176,42288633,14,0.017769221057947232
17,STAT5A,42287547,42311943,4,0.0195840171695493
17,STAT3,42313324,42388568,13,0.014455245549804315
17,CAVIN1,42402449,42423256,4,0.009626309809367503
17,ATP6V0A1,42458844,42522582,8,0.02184067668223709
17,NAGLU,42536241,42544449,1,0.026385557379118796
17,HSD17B1,42552922,42555214,1,0.035601565458906706
17,MLX,42567072,42573239,1,0.02545448806968817
17,PSMC3IP,42572310,42577831,1,0.02244034844085343
17,RETREG3,42579513,42610623,6,0.02176177250347178
17,TUBG2,42659284,42667006,1,0.019820729705845218
17,PLEKHH3,42667914,42676994,1,0.022235197576063626
17,CCR10,42678889,42683917,1,0.020309935614190127
17,CNTNAP1,42682531,42699993,2,0.026622269915414713
17,EZH1,42700275,42745049,7,0.024791692968059588
17,RAMP2,42758447,42763041,1,0.019410427976265625
17,VPS25,42773449,42779599,1,0.016932836763034968
17,WNK4,42780610,42797066,3,0.024965282161343264
17,COA3,42795147,42798704,1,0.024965282161343264
17,CNTD1,42798800,42811587,2,0.01854248200984724
17,BECN1,42810134,42833350,3,0.019015907082439085
17,PSME3,42824385,42843760,3,0.022992677692210584
17,AOC2,42844580,42850707,1,0.020136346420906455
17,AOC3,42851184,42858130,1,0.029368135336447415
17,G6PC1,42900797,42914438,3,0.017185330135083957
17,AARSD1,42950526,42964498,2,0.011725160964524682
17,PTGES3L-AARSD1,42950526,42980528,6,0.01587552076757985
17,PTGES3L,42968088,42980433,3,0.01587552076757985
17,RUNDC1,42980565,42995142,3,0.024286706223961625
17,RPL27,42998273,43002959,2,0.018337331145057444
17,IFI35,43006740,43014456,1,0.014360560535285949
17,VAT1,43014607,43025123,1,0.011535790935487943
17,RND2,43025231,43032041,1,0.008458527963640954
17,BRCA1,43044295,43170245,21,0.02862643605605352
17,NBR1,43170481,43211689,5,0.024917939654084075
17,TMEM106A,43211835,43220041,1,0.00651748516601439
17,CCDC200,43216941,43305397,2,0.007148718596136852
17,DHX8,43483865,43610338,22,0.029383916172200476
17,ETV4,43527844,43579620,9,0.024034212851912633
17,MEOX1,43640389,43661922,5,0.03444956444893321
17,SOST,43753738,43758791,1,0.02960484787274334
17,DUSP3,43766125,43778977,3,0.033770988511551574
17,CFAP97D1,43780435,43787620,1,0.03628014139628835
17,MPP3,43800799,43833170,5,0.029589067036990276
17,CD300LG,43847148,43863639,3,0.009673652316626688
17,MPP2,43875357,43909711,6,0.03287148087362707
17,PPY,43940804,43942476,1,0.017532508521651304
17,PYY,43952733,44004469,9,0.02180911501073097
17,NAGS,44004622,44009068,1,0.016775028405504357
17,TMEM101,44011188,44023946,2,0.016427850018937002
17,LSM12,44034328,44067619,7,0.010020830703194043
17,G6PC3,44070620,44082151,2,0.016459411690443126
17,HDAC5,44076746,44123702,8,0.016459411690443126
17,HROB,44141906,44162476,3,0.021761772503471777
17,ASB16,44170447,44179084,2,0.023923747001641203
17,TMUB2,44186970,44191929,1,0.01800593359424315
17,ATXN7L3,44191805,44200113,1,0.010399570761267515
17,UBTF,44205033,44221626,2,0.010289104910996084
17,SLC4A1,44248390,44268141,3,0.007196061103396035
17,RUNDC3A,44308413,44318670,1,0.010399570761267516
17,SLC25A39,44319625,44324870,1,0.012766696124226738
17,GRN,44345246,44353106,1,0.00725918444640828
17,FAM171A2,44353215,44363853,1,0.008600555485418507
17,ITGA2B,44372180,44389649,2,0.011377982577957328
17,GPATCH8,44395281,44503430,18,0.017453604342885995
17,FZD2,44557484,44561262,1,0.010620502461810375
17,MEIOC,44656404,44690308,5,0.01950511299078399
17,CCDC43,44673069,44689779,1,0.018163741951773765
17,DBF4B,44708608,44752264,9,0.01584395909607373
17,ADAM11,44758988,44781846,3,0.013319025375583889
17,GJC1,44798448,44830816,7,0.012861381138745109
17,HIGD1B,44846353,44850476,1,0.014991793965408408
17,EFTUD2,44849948,44899445,9,0.021793334174977905
17,CCDC103,44899142,44905390,1,0.014013382148718593
17,GFAP,44903159,44916937,3,0.01451836889281656
17,FAM187A,44903433,44905390,1,0.014013382148718593
17,KIF18B,44924709,44947773,5,0.012324832723141018
17,NMT1,44957992,45109016,30,0.015954424946345157
17,C1QL1,44959693,44968303,2,0.006091402600681731
17,DCAKD,45023338,45061131,8,0.015717712410049236
17,PLCD3,45108959,45133354,5,0.01341371039010226
17,ACBD4,45132600,45144181,2,0.012435298573412447
17,HEXIM1,45148475,45152099,1,0.01128329756343896
17,HEXIM2,45160700,45170040,2,0.009310693094306275
17,FMNL1,45221444,45247319,4,0.011740941800277745
17,SPATA32,45254393,45262094,2,0.00820603459159197
17,MAP3K14,45263119,45317029,7,0.010462694104279763
17,ARHGAP27,45393902,45434421,7,0.029715313723014773
17,PLEKHM1,45435900,45490758,8,0.030599040525186215
17,LINC02210-CRHR1,45620344,45835826,33,0.03170369902790052
17,CRHR1,45784277,45835828,8,0.015985986617851278
17,MAPT,45894527,46028334,20,0.019094811261204395
17,KANSL1,46029916,46225389,25,0.012040777679585911
17,ARL17B,46274784,46361766,4,0.005081429112485795
17,LRRC37A,46292733,46338077,1,0.0038820855952531245
17,ARL17A,46499780,46579695,4,0.003913647266759248
17,LRRC37A2,46511508,46556910,3,0.003913647266759248
17,NSF,46590669,46757679,10,0.014723519757606364
17,WNT3,46762506,46833154,12,0.008695240499936878
17,WNT9B,46833201,46886730,12,0.01710642595631865
17,GOSR2,46923075,46975524,9,0.02135147077389218
17,ENSG00000262633,46923133,47049932,24,0.026764297437192275
17,CDC27,47117703,47189422,12,0.02403421285191264
17,MYL4,47200446,47223679,5,0.021777553339224844
17,ITGB3,47253827,47313743,10,0.0232293902285065
17,ENSG00000259753,47253897,47344292,16,0.0232293902285065
17,EFCAB13,47323290,47441312,19,0.028863148592349452
17,NPEPPS,47522942,47624665,17,0.016206918318394145
17,KPNB1,47649476,47685505,5,0.016869713420022726
17,TBKBP1,47694161,47712052,3,0.01011551571771241
17,TBX21,47733236,47746122,2,0.010573159954551194
17,OSBPL7,47807372,47821803,3,0.01407650549173084
17,MRPL10,47823272,47831541,1,0.014013382148718594
17,LRRC46,47831634,47837719,1,0.015528342381012498
17,SCRN2,47837692,47841289,1,0.01152001009973488
17,SP6,47844908,47855874,1,0.010557379118798131
17,SP2,47896150,47928957,5,0.014281656356520641
17,PNPO,47941506,47949308,1,0.011662037621512434
17,PRR15L,47951967,47957883,1,0.012119681858351218
17,CDK5RAP3,47967810,47981781,2,0.015386314859234942
17,COPZ2,48026167,48038030,2,0.010999242519883852
17,NFE2L1,48048329,48061545,1,0.009436939780330767
17,CBX1,48070052,48101478,6,0.008253377098851156
17,SNX11,48103357,48123601,4,0.013729327105163487
17,SKAP1,48133442,48430275,41,0.0215092791314228
17,HOXB2,48540894,48545109,1,0.01054159828304507
17,HOXB3,48548870,48604912,9,0.020262593106930946
17,HOXB4,48575507,48578350,1,0.0108572149981063
17,HOXB6,48595751,48604992,2,0.009689433152379752
17,HOXB7,48607232,48633572,5,0.013098093675041028
17,HOXB8,48611377,48615292,1,0.010099734881959348
17,HOXB9,48621156,48626358,1,0.013098093675041028
17,PRAC2,48723185,48724758,1,0.009421158944577705
17,TTLL6,48762234,48817229,10,0.012309051887387954
17,CALCOCO2,48831018,48866522,6,0.009910364852922612
17,UBE2Z,48908407,48929056,3,0.021319909102386063
17,SNF8,48929316,48944842,3,0.012845600302992047
17,GIP,48958554,48968596,3,0.009436939780330767
17,IGF2BP1,48997385,49056145,10,0.014202752177755332
17,B4GALNT2,49132460,49176840,9,0.02401843201615958
17,GNGT2,49202791,49210574,1,0.00830071960611034
17,ABI3,49210411,49223225,3,0.008663678828430756
17,PHOSPHO1,49223366,49230787,1,0.0064228001514960225
17,ZNF652,49289206,49362473,15,0.015575684888271681
17,PHB1,49404049,49414905,2,0.010667844969069562
17,NGFR,49495293,49515008,3,0.008742583007196061
17,NXPH3,49575871,49583827,1,0.008190253755838909
17,SPOP,49598884,49678163,9,0.011788284307536926
17,SLC35B1,49700934,49709014,1,0.014660396414594117
17,FAM117A,49710332,49789180,8,0.016049109960863527
17,KAT7,49788624,49835026,6,0.012845600302992047
17,TAC4,49838300,49848069,1,0.01002083070319404
17,DLX4,49968588,49974959,1,0.01090455750536548
17,DLX3,49990005,49995224,1,0.012056558515338971
17,ITGA3,50055968,50090481,6,0.014518368892816564
17,PDK2,50094737,50112152,3,0.011677818457265496
17,SAMD14,50110040,50130160,3,0.010036611538947103
17,PPP1R9B,50133737,50150677,2,0.009878803181416488
17,SGCA,50164214,50175928,2,0.011015023355636915
17,COL1A1,50184101,50201632,3,0.011441105920969575
17,TMEM92,50271406,50281485,2,0.008221815427345035
17,XYLT2,50346126,50363138,3,0.0153231915162227
17,MRPL27,50367857,50373207,1,0.018779194546143158
17,EME1,50373220,50381483,2,0.017753440222194158
17,LRRC59,50375059,50397523,4,0.02352922610781466
17,ACSF2,50426158,50474845,9,0.028563312713041286
17,CHAD,50464496,50468906,1,0.013855573791187981
17,RSAD1,50478860,50485974,2,0.01652253503345537
17,MYCBPAP,50508425,50531501,6,0.011867188486302234
17,EPN3,50532682,50543750,2,0.01461305390733493
17,SPATA20,50543058,50555852,2,0.011583133442747128
17,CACNA1G,50560715,50627474,11,0.011898750157808358
17,ABCC3,50634777,50692253,10,0.010352228254008333
17,ANKRD40,50693198,50707914,3,0.011125489205908345
17,LUC7L3,50719565,50756219,6,0.010573159954551194
17,ANKRD40CL,50761029,50767557,1,0.01022598156798384
17,WFIKKN2,50834650,50842353,2,0.01472351975760636
17,TOB1,50862223,50867978,1,0.011220174220426715
17,SPAG9,50962174,51120868,27,0.01606489079661659
17,NME1,51153559,51162428,2,0.012324832723141017
17,NME1-NME2,51153590,51171744,4,0.012324832723141017
17,NME2,51165435,51171744,1,0.011030804191389975
17,MBTD1,51177425,51260163,15,0.019726044691326848
17,UTP18,51260546,51297936,6,0.015922863274839036
17,CA10,51630313,52160017,90,0.03242961747254135
17,TOM1L1,54899387,54961956,10,0.022724403484408538
17,COX11,54951902,54968703,3,0.02393952783739427
17,STXBP4,54968727,55173632,32,0.02862643605605352
17,HLF,55264960,55325187,9,0.011551571771241005
17,MMD,55392622,55421924,5,0.025312460547910615
17,SMIM36,55449856,55511452,13,0.03432331776290873
17,TMEM100,55719627,55732121,2,0.009594748137861379
17,PCTP,55751051,55842830,17,0.028721121070571898
17,ANKFN1,55882301,56517016,116,0.07710516348945838
17,C17orf67,56791913,56838773,8,0.02111475823759626
17,DGKE,56834107,56869567,5,0.021493498295669725
17,TRIM25,56836387,56914080,14,0.021493498295669725
17,COIL,56938199,56961050,3,0.018794975381896225
17,SCPEP1,56978129,57006768,5,0.01803749526574927
17,AKAP1,57085092,57121346,7,0.020783360686781972
17,MSI2,57255851,57684689,78,0.02228254008332281
17,CCDC182,57744495,57745299,1,0.01929996212599419
17,MRPS23,57834781,57850056,3,0.0112675167276859
17,CUEDC1,57861243,57955412,17,0.014029162984471658
17,VEZF1,57971547,57988259,2,0.009373816437318522
17,ENSG00000266086,57989038,58007246,2,0.010904557505365484
17,DYNLL2,58083419,58095542,2,0.009042418886504231
17,OR4D1,58148384,58159585,2,0.010320666582502209
17,OR4D2,58166982,58171411,1,0.007701047847494005
17,EPX,58192726,58205174,1,0.00850587047090014
17,MKS1,58205441,58219605,2,0.011693599293018558
17,LPO,58218548,58268518,7,0.014660396414594119
17,MPO,58269855,58280935,1,0.008947733871985861
17,TSPOAP1,58301228,58328795,4,0.01458149223582881
17,SUPT4H1,58345175,58353093,1,0.015512561545259436
17,ENSG00000285897,58345206,58417595,8,0.018211084459032946
17,RNF43,58353676,58417595,7,0.018211084459032946
17,HSF5,58420167,58488408,9,0.011125489205908345
17,MTMR4,58489529,58517905,2,0.006186087615200101
17,SEPTIN4,58520250,58544368,2,0.007117156924630727
17,TEX14,58556678,58692055,21,0.01840045448806969
17,IGBP1C,58660424,58692045,5,0.009626309809367501
17,RAD51C,58692573,58735611,5,0.016143794975381893
17,PPM1E,58755854,58985179,29,0.014013382148718594
17,TRIM37,58982638,59106921,16,0.012798257795732862
17,SKA2,59109857,59155260,7,0.012766696124226738
17,PRR11,59155732,59206709,9,0.009279131422800152
17,ENSG00000265303,59197566,59215226,3,0.008931953036232801
17,SMG8,59209400,59215239,1,0.007511677818457265
17,GDPD1,59220467,59275970,10,0.00924756975129403
17,YPEL2,59331655,59401729,13,0.012971846989016537
17,DHX40,59565558,59608345,7,0.010068173210453226
17,CLTC,59619680,59696956,9,0.030220300467112736
17,PTRH2,59674636,59707626,3,0.0195840171695493
17,VMP1,59707192,59842255,22,0.01458149223582881
17,TUBD1,59859479,59892945,7,0.011362201742204269
17,RPS6KB1,59893046,59950574,9,0.016633000883726802
17,ENSG00000267318,59940908,59973101,5,0.010872995833859362
17,RNFT1,59952240,59964761,2,0.009468501451836892
17,HEATR6,60041008,60078922,5,0.006249210958212347
17,CA4,60149942,60170899,4,0.011456886756722635
17,USP32,60177327,60422470,41,0.014518368892816564
17,CHCT1,60392429,60431426,6,0.010762529983587931
17,APPBP2,60443158,60526242,19,0.018053276101502334
17,PPM1D,60600193,60666280,12,0.01931574296174725
17,BCAS3,60677453,61392838,118,0.02292955434919833
17,TBX2,61399843,61409466,2,0.00915288473677566
17,TBX4,61452404,61485110,6,0.008711021335689937
17,BRIP1,61679139,61863559,25,0.018558262845600304
17,INTS2,61865367,61928016,9,0.014865547279383915
17,MED13,61942605,62065278,20,0.022266759247569753
17,EFCAB3,62343941,62416480,15,0.036706223961621015
17,METTL2A,62423875,62453385,7,0.0647329882590582
17,TLK2,62458658,62615481,26,0.032950385052392374
17,MRC2,62627670,62693597,13,0.023355636914530995
17,MARCHF10,62701314,62808344,20,0.03383411185456382
17,TANC2,62966235,63427703,60,0.0245391995960106
17,CYB561,63432304,63446354,3,0.014171190506249213
17,ACE,63477061,63498380,4,0.011093927534402222
17,ENSG00000264813,63484823,63521848,9,0.012593106930943062
17,KCNH6,63523334,63548977,3,0.014976013129655347
17,DCAF7,63550222,63594286,8,0.01892122206792072
17,ENSG00000288894,63550603,63608347,10,0.01892122206792072
17,TACO1,63600882,63608365,1,0.009594748137861382
17,MAP3K3,63622415,63696305,11,0.026369776543365732
17,STRADA,63682336,63741986,10,0.02272440348440853
17,LIMD2,63695888,63701172,1,0.022393005933594244
17,ENSG00000125695,63702845,63752097,9,0.02272440348440853
17,CCDC47,63745255,63776351,6,0.017295795985355383
17,DDX42,63773603,63819317,9,0.026953667466229007
17,FTSJ3,63819433,63830012,2,0.02939969700795353
17,PSMC5,63827152,63832026,1,0.028231915162226985
17,SMARCD2,63832081,63843065,1,0.029557505365484155
17,CSH2,63872012,63873766,1,0.01268779194546143
17,CSH1,63894909,63896661,1,0.006138745107940914
17,CSHL1,63909597,63911341,1,0.005775785885620502
17,ENSG00000285947,63917203,63931385,3,0.016633000883726802
17,CD79B,63928738,63932336,1,0.01448680722131044
17,SCN4A,63938554,63972918,7,0.016806590077010478
17,PRR29,63998351,64004305,1,0.006407019315742961
17,ICAM2,64002594,64020634,4,0.009831460674157305
17,ERN1,64039080,64130819,15,0.02146193662416361
17,TEX2,64147227,64263260,16,0.027553339224845336
17,PECAM1,64319415,64413776,21,0.020373058957202372
17,MILR1,64449037,64468643,4,0.012167024365610402
17,POLG2,64477785,64497054,4,0.02588057063502083
17,DDX5,64498254,64508199,2,0.02592791314228001
17,CEP95,64506865,64542461,5,0.027237722509784117
17,SMURF2,64542282,64662307,20,0.024554980431763664
17,LRRC37A3,64854130,64919480,8,0.00819025375583891
17,GNA13,65009289,65056740,7,0.012956066153263474
17,RGS9,65100812,65227703,33,0.02766380507511677
17,AXIN2,65528563,65561648,6,0.013240121196818583
17,ENSG00000266076,65538102,65641033,23,0.014676177250347177
17,CEP112,65635537,66192133,106,0.04680595884358035
17,APOH,66212033,66256525,12,0.016917055927281904
17,PRKCA,66302613,66810743,103,0.04003598030551698
17,CACNG5,66835117,66894751,13,0.020909607372806466
17,CACNG4,66964707,67033398,15,0.028973614442620886
17,CACNG1,67044554,67056797,2,0.016806590077010478
17,HELZ,67070444,67245989,25,0.034607372806463824
17,PSMD12,67337916,67366605,4,0.012324832723141017
17,PITPNC1,67377281,67697256,63,0.011851407650549173
17,NOL11,67717931,67744531,5,0.020862264865547278
17,BPTF,67825503,67984378,29,0.01993119555611665
17,C17orf58,67991099,67996469,1,0.007511677818457265
17,KPNA2,68035636,68047364,3,0.01950511299078399
17,AMZ2,68205481,68257712,15,0.02564385809872491
17,ARSG,68259182,68422731,35,0.02624352985734124
17,SLC16A6,68267026,68291267,5,0.014644615578841056
17,WIPI1,68420948,68457513,8,0.01780078272945335
17,PRKAR1A,68511780,68551319,7,0.015575684888271683
17,FAM20A,68535113,68601367,14,0.013666203762151245
17,ABCA8,68867289,68955392,16,0.022771745991667716
17,ABCA9,68974488,69060949,15,0.018716071203130916
17,ABCA6,69078702,69141895,8,0.027048352480747377
17,ABCA10,69147214,69244846,19,0.016049109960863527
17,ABCA5,69244311,69327244,15,0.027979421790178
17,MAP2K6,69414697,69553865,26,0.016853932584269662
17,KCNJ16,70053429,70135608,19,0.027679585910869837
17,KCNJ2,70168673,70180044,1,0.008963514707738922
17,SOX9,72121020,72126416,1,0.007890417876530742
17,SLC39A11,72645949,73092712,107,0.023545006943567728
17,SSTR2,73165010,73176633,2,0.01297184698901654
17,COG1,73193055,73208507,3,0.01650675419770231
17,VCF1,73207353,73236753,7,0.013319025375583892
17,C17orf80,73232233,73248959,4,0.015070698144173713
17,CPSF4L,73248449,73262352,2,0.011851407650549173
17,CDC42EP4,73283624,73312005,8,0.013966039641459413
17,SDK2,73334384,73644445,66,0.022424567605100365
17,RPL38,74203582,74210655,2,0.01333480621133695
17,TTYH2,74213571,74262020,12,0.020404620628708493
17,DNAI2,74274234,74314884,9,0.015291629844716575
17,KIF19,74326210,74355820,6,0.010510036611538948
17,BTBD17,74356416,74361868,1,0.006643731852038884
17,GPRC5C,74424851,74451653,5,0.012608887766696122
17,CD300A,74466399,74484794,5,0.011251735891932835
17,CD300LB,74521174,74531475,3,0.01846357783108193
17,CD300C,74541073,74546115,1,0.022771745991667716
17,CD300H,74560701,74567343,2,0.009373816437318522
17,CD300LD,74579365,74592283,3,0.009405378108824643
17,CD300E,74609885,74623738,3,0.00871102133568994
17,RAB37,74670578,74747335,12,0.010257543239489965
17,CD300LF,74694311,74712978,3,0.009073980558010352
17,NHERF1,74748628,74769353,3,0.010904557505365484
17,NAT9,74770529,74776367,1,0.017500946850145183
17,TMEM104,74776499,74839753,13,0.024554980431763664
17,GRIN2C,74842023,74861504,3,0.020451963135967678
17,FDXR,74862497,74873031,3,0.014770862264865547
17,FADS6,74877302,74893781,4,0.011283297563438962
17,USH1G,74916083,74923256,1,0.00796932205529605
17,OTOP2,74922950,74933912,1,0.008490089635147077
17,OTOP3,74935898,74949992,4,0.008774144678702184
17,HID1,74950742,74973166,3,0.009073980558010352
17,CDR2L,74987632,75005800,3,0.008632117156924631
17,MRPL58,75012670,75021261,2,0.012056558515338973
17,KCTD2,75032575,75065889,6,0.018053276101502334
17,ATP5PD,75038863,75046985,1,0.014344779699532885
17,SLC16A5,75087727,75106162,4,0.013176997853806337
17,ARMC7,75109952,75130272,4,0.01920527711147582
17,JPT1,75135248,75168281,5,0.017090645120565587
17,SUMO2,75165586,75182959,4,0.01574927408155536
17,NUP85,75205659,75235758,7,0.020562428986239112
17,GGA3,75236599,75262363,5,0.019000126246686025
17,MRPS7,75261674,75266376,1,0.014297437192273704
17,MIF4GD,75266228,75271231,1,0.017721878550688044
17,SLC25A19,75272981,75289510,3,0.01461305390733493
17,GRB2,75318076,75405709,20,0.02286643100618609
17,TMEM94,75441159,75500452,10,0.018447796995328874
17,CASKIN2,75500261,75515537,2,0.024917939654084082
17,TSEN54,75515944,75524735,2,0.03189306905693726
17,LLGL2,75525080,75575209,13,0.049630728443378354
17,MYO15B,75587800,75626849,10,0.022929554349198335
17,RECQL5,75626845,75667189,5,0.028942052771114758
17,SAP30BP,75667251,75708062,5,0.014250094685014517
17,ITGB4,75721328,75757818,6,0.010746749147834871
17,GALK1,75751594,75765236,2,0.005996717586163362
17,H3-3B,75776434,75785893,2,0.010383789925514456
17,UNK,75784806,75825799,7,0.011456886756722635
17,UNC13D,75827225,75844785,4,0.02493372048983714
17,WBP2,75845699,75856507,2,0.02501262466860245
17,TRIM47,75874164,75878581,1,0.017832344400959474
17,TRIM65,75880335,75896951,3,0.017090645120565583
17,MRPL38,75898644,75905093,1,0.018005933594243153
17,ENSG00000267426,75898645,75930129,5,0.021446155788410554
17,FBF1,75909574,75941140,6,0.02313470521398813
17,ACOX1,75941507,75979177,9,0.012024996843832847
17,TEN1-CDK3,75979231,76005999,5,0.017753440222194168
17,TEN1,75979240,76000586,5,0.017753440222194168
17,EVPL,76004502,76027306,4,0.009863022345663428
17,SRP68,76038775,76072517,6,0.009799899002651182
17,ZACN,76071961,76083666,2,0.010809872490847115
17,EXOC7,76081016,76121576,10,0.017043302613306402
17,FOXJ1,76136333,76141245,1,0.012119681858351217
17,RNF157,76142465,76240493,19,0.014439464714051255
17,UBALD2,76265348,76271298,1,0.009310693094306276
17,QRICH2,76274049,76308276,8,0.010794091655094056
17,PRPSAP1,76309478,76384521,19,0.013776669612422673
17,SPHK1,76376584,76387860,2,0.006975129402853173
17,UBE2O,76389456,76453152,9,0.016254260825653323
17,AANAT,76453351,76470117,4,0.01619113748264108
17,RHBDF2,76470891,76501790,7,0.017721878550688044
17,CYGB,76527356,76551175,4,0.013555737911879813
17,PRCD,76527586,76553578,5,0.013555737911879813
17,ENSG00000284526,76563710,76569671,2,0.009657871480873628
17,ST6GALNAC2,76565377,76586956,6,0.011898750157808356
17,ST6GALNAC1,76624761,76643786,5,0.01170938012877162
17,MXRA7,76672551,76711004,10,0.022992677692210577
17,JMJD6,76712832,76726799,2,0.017721878550688047
17,METTL23,76726830,76733936,2,0.018021714429996213
17,MFSD11,76735865,76781449,9,0.016238479989900266
17,MGAT5B,76868404,76950393,22,0.03463893447796995
17,SEC14L1,77088749,77217101,24,0.01926840045448807
17,SEPTIN9,77280569,77500596,51,0.020562428986239112
17,TNRC6C,77958703,78108822,25,0.03296616588814544
17,TMC6,78107397,78132407,6,0.005807347557126624
17,TMC8,78130770,78142968,2,0.00703825274586542
17,C17orf99,78146385,78166297,6,0.015922863274839036
17,SYNGR2,78168581,78173527,1,0.01713798762782477
17,TK1,78174091,78187233,2,0.01107814669864916
17,AFMID,78187358,78207702,6,0.011125489205908345
17,BIRC5,78214186,78225636,3,0.015843959096073727
17,TMEM235,78231310,78240987,3,0.010131296553465471
17,SOCS3,78356778,78360077,1,0.0071802802676429744
17,PGS1,78378649,78425114,11,0.022172074233051377
17,DNAH17,78423697,78577396,54,0.025138871354626943
17,CYTH1,78674048,78782297,17,0.0168381517485166
17,USP36,78787381,78841441,13,0.016333165004418632
17,TIMP2,78852977,78925387,19,0.025438707233935105
17,CEP295NL,78890579,78903217,4,0.012703572781214496
17,LGALS3BP,78971238,78979947,2,0.012214366872869586
17,CANT1,78991716,79009867,4,0.022345663426335052
17,C1QTNF1,79022814,79049788,8,0.03915225350334553
17,ENGASE,79074824,79088599,4,0.011867188486302235
17,RBFOX3,79089345,79611051,136,0.03733745739174346
17,ENPP7,79730943,79742219,3,0.00819025375583891
17,CBX2,79778148,79787983,2,0.007196061103396035
17,CBX8,79792132,79801683,1,0.006044060093422546
17,CBX4,79833156,79839440,1,0.007038252745865421
17,TBC1D16,79932343,80035872,21,0.011251735891932837
17,CCDC40,80036632,80100613,18,0.04327105163489458
17,GAA,80101533,80119881,5,0.01828998863779826
17,EIF4A3,80134369,80147151,3,0.02174599166771872
17,CARD14,80169992,80216073,10,0.012419517737659388
17,SGSH,80206716,80220923,3,0.014439464714051255
17,SLC26A11,80219699,80253500,10,0.019773387198586036
17,RNF213,80260852,80398794,32,0.028736901906324958
17,ENDOV,80415165,80438086,5,0.014344779699532888
17,NPTX1,80466834,80477843,2,0.007022471910112359
17,RPTOR,80544819,80966371,102,0.027521777553339226
17,CHMP6,80991598,81009517,5,0.012940285317510415
17,BAIAP2,81035122,81117434,21,0.023308294407271807
17,AATK,81110487,81166221,17,0.022045827547026886
17,PVALEF,81165507,81183166,4,0.02203004671127383
17,CEP131,81189593,81222999,8,0.029178765307410686
17,TEPSIN,81228277,81239091,3,0.021193662416361572
17,SLC38A10,81244811,81295547,10,0.024554980431763664
17,BAHCC1,81395457,81466331,16,0.021509279131422802
17,ACTG1,81509413,81523847,4,0.024034212851912637
17,FSCN2,81528377,81537130,6,0.017516727685898247
17,FAAP100,81539885,81553961,3,0.006627951016285822
17,NPLOC4,81556887,81648465,23,0.02204582754702689
17,TSPAN10,81637171,81648754,4,0.02119366241636157
17,PDE6G,81650459,81663112,4,0.02300845852796364
17,CCDC137,81666737,81673904,1,0.022961116020704456
17,ARL16,81681187,81683797,1,0.023118924378235074
17,HGS,81683326,81703138,4,0.02365547279383916
17,MRPL12,81703367,81707517,1,0.020388839792955436
17,ENSG00000262660,81703371,81720539,3,0.020388839792955436
17,SLC25A10,81712236,81721016,2,0.014770862264865549
17,GCGR,81804132,81814008,2,0.009137103901022597
17,MCRIP1,81822361,81833302,2,0.013113874510794089
17,P4HB,81843159,81860856,4,0.01600176745360434
17,ARHGDIA,81867721,81871378,1,0.015480999873753313
17,ALYREF,81887835,81891586,1,0.014344779699532887
17,ANAPC11,81890790,81900991,2,0.014455245549804317
17,PCYT2,81900958,81911432,1,0.015796616588814545
17,SIRT7,81911939,81921323,1,0.015828178260320666
17,MAFG,81918270,81927735,1,0.017453604342885995
17,PYCR1,81932384,81942412,1,0.01895278373942684
17,MYADML2,81939645,81947233,3,0.02315048604974119
17,NOTUM,81952507,81961840,2,0.020041661406388078
17,ASPSCR1,81976807,82017406,7,0.0193788663047595
17,CENPX,82018702,82024107,1,0.00989458401716955
17,LRRC45,82023305,82031151,1,0.009626309809367503
17,RFNG,82047902,82051831,1,0.013255902032571645
17,DUS1L,82057506,82065887,2,0.014676177250347179
17,FASN,82078338,82098294,3,0.019315742961747248
17,CCDC57,82101460,82212878,28,0.034970332028784246
17,SLC16A3,82217934,82261129,13,0.014976013129655347
17,CSNK1D,82239023,82273700,9,0.022187855068804448
17,SECTM1,82321024,82334074,3,0.013066532003534907
17,TEX19,82359247,82363775,1,0.031545890670369905
17,UTS2R,82371765,82377458,2,0.031167150612296426
17,OGFOD3,82389210,82418637,7,0.022550814291124856
17,HEXD,82418318,82442645,6,0.030157177124100494
17,CYBC1,82440912,82450829,2,0.030157177124100494
17,NARF,82458180,82490537,6,0.02932079282918823
17,FOXK2,82519713,82644662,32,0.031908849892690314
17,WDR45B,82614562,82648553,8,0.01836889281656356
17,RAB40B,82654973,82698698,12,0.017406261835626817
17,FN3KRP,82716706,82730328,3,0.025123090518873882
17,FN3K,82735615,82751196,4,0.01797437192273703
17,TBCD,82752042,82945914,50,0.03435487943441484
17,ZNF750,82829434,82840022,3,0.03306085090266381
17,B3GNTL1,82942149,83051809,36,0.029494382022471913
17,METRNL,83079609,83095122,4,0.010920338341118545
